Review.ID,Rating
ReviewId  
16310415  2
16310416  2
16315421  2
16315422  3
16315423  2
16315424  3
16315426  2
16315428  3
16315434  1
16315439  2
16315440  3
16315441  3
16315442  2
16315443  3
16315444  3
16315445  2
16315446  3
16315448  3
16315450  3
16315452  2
16315456  3
16315458  3
16315459  3
16315462  3
16315463  2
16315464  3
16315465  2
16315466  2
16315467  3
16315468  3
16315469  2
16315470  3
16315471  3
16315472  2
16315473  3
16315474  2
16315475  3
16315476  3
16315477  3
16315478  3
16315482  2
16315483  2
16315484  2
16315490  1
16315491  2
16315492  1
16315493  2
16315494  2
16315495  2
16315496  2
16315497  3
16315498  2
16315499  2
16315500  3
16315501  2
16315502  2
16315503  1
16315504  3
16315505  3
16315506  3
16315507  3
16315508  3
16315509  2
16315510  3
16315511  2
16315512  2
16315513  2
16315514  2
16315515  2
16315516  2
16315517  3
16315518  2
16315519  2
16315520  2
16315521  2
16315522  3
16315523  3
16315524  2
16315525  3
16315526  2
16315527  3
16315528  3
16315529  3
16315530  2
16315531  2
16315533  3
16315535  2
16315537  2
16315538  3
16315541  2
16315542  3
16315543  2
16315544  2
16315546  1
16315549  3
16315552  2
16315553  3
16315556  2
16315558  2
16315559  2
16315560  2
16315563  3
16315564  2
16315566  2
16315567  3
16315569  2
16315571  1
16315572  3
16315573  3
16315574  2
16315576  2
16315581  2
16315582  2
16315583  2
16315584  2
16315586  2
16315587  2
16315588  2
16315590  3
16315591  2
16315593  3
16315595  2
16315596  2
16315598  2
16315602  2
16315604  2
16315606  2
16315608  3
16315610  3
16315611  2
16315614  2
16315617  3
16315618  2
16315619  3
16315620  2
16315621  2
16315622  2
16315627  2
16315629  3
16315630  3
16315631  2
16315634  2
16315635  2
16315637  2
16315640  3
16315642  2
16315643  2
16315649  2
16315652  2
16315658  3
16315659  3
16315662  2
16315664  2
16315667  2
16315670  3
16315672  1
16315676  2
16315677  2
16315678  2
16315680  2
16315683  1
16315684  2
16315685  1
16315686  1
16315690  1
16315694  2
16315696  2
16315697  2
16315699  3
16315701  3
16315702  1
16315706  2
16315707  1
16315708  2
16315709  2
16315711  2
16315712  3
16315713  2
16315714  2
16315715  3
16315717  2
16315720  2
16315721  2
16315724  2
16315725  2
16315726  3
16315729  1
16315733  1
16315734  2
16315735  3
16315736  3
16315737  3
16315739  2
16315740  2
16315741  2
16315742  2
16315743  3
16315744  2
16315745  2
16315746  3
16315749  2
16315750  2
16315751  2
16315752  1
16315754  1
16315755  2
16315757  2
16315758  2
16315759  2
16315760  3
16319044  2
16319084  2
16319085  3
16319086  3
16319087  2
16319088  3
16319089  2
16319090  3
16319091  3
16319092  2
16319094  3
16319095  3
16319097  2
16319099  1
16319102  3
16319104  2
16319105  3
16319106  2
16319107  2
16319113  3
16319116  2
16319121  2
16319125  3
16319126  3
